badat <-
list(means = c(0.336213888499019, -0.0930914837219819, 0.778171140296709, 
-0.218449430400499, -1.18757157279129, -0.469445832013357, 0.728169504964046, 
-0.568339902034011, 0.0903577418288855, -0.162370813884505, -0.242508251865042, 
-0.799578255876061, 0.169851738933907, -0.786920861449834, 0.0291441004328137, 
0.153923919361592, -1.23196566550879, -0.701522651925387, 0.0793089784903973, 
-0.0284645344240997), diffs = c(-1.71012919333289, -1.26686006265029, 
-2.46474181725399, -0.348023301918724, 1.96453949951288, -1.08682329408394, 
1.27384095602343, 0.622065703982058, 0.0526181099513452, 0.536746769141031, 
-1.07618289308334, -2.16539646004675, 1.90548161199249, 0.282791368510589, 
0.475577264955011, -1.13725629550752, 1.722154826796, -0.498891553637967, 
-1.50029157108208, -1.7669269493852), groups = structure(list(
    group1 = c(-0.518850708167427, -0.726521515047128, -0.454199768330283, 
    -0.392461081359862, -0.205301823034852, -1.01285747905533, 
    1.36508998297576, -0.257307050042982, 0.116666796804558, 
    0.106002570686011, -0.78059969840671, -1.88227648589943, 
    1.12259254493015, -0.645525177194539, 0.266932732910319, 
    -0.414704228392168, -0.370888252110787, -0.95096842874437, 
    -0.670836807050645, -0.911928009116701), group2 = c(1.19127848516547, 
    0.540338547603164, 2.0105420489237, -0.0444377794411373, 
    -2.16984132254774, 0.0739658150286144, 0.0912490269523315, 
    -0.87937275402504, 0.0640486868532129, -0.430744198455021, 
    0.295583194676626, 0.283119974147311, -0.782889067062336, 
    -0.928316545705128, -0.208644532044692, 0.722552067115353, 
    -2.09304307890679, -0.452076875106403, 0.82945476403144, 
    0.854998940268501)), row.names = c(NA, 20L), class = "data.frame"), 
    based.on = 20L, lower.limit = -3.00040801910623, mean.diffs = -0.309285364055893, 
    upper.limit = 2.38183729099444, lines = c(lower.limit = -3.00040801910623, 
    mean.diffs = -0.309285364055893, upper.limit = 2.38183729099444
    ), CI.lines = c(lower.limit.ci.lower = -4.1134134156594, 
    lower.limit.ci.upper = -1.88740262255306, mean.diff.ci.lower = -0.951879329365373, 
    mean.diff.ci.upper = 0.333308601253587, upper.limit.ci.lower = 1.26883189444127, 
    upper.limit.ci.upper = 3.49484268754761), two = 1.96, critical.diff = 2.69112265505033)
